1.340000 2.568000
-1.352000 2.704000
1.568000 2.984000
1.388000 2.692000
-1.428000 2.216000
-1.216000 1.488000
0.408000 0.604000
-0.916000 1.708000
0.872000 1.488000
-0.120000 0.068000
-1.104000 1.304000
0.632000 0.484000
1.736000 3.152000
0.744000 0.824000
0.888000 1.044000
0.872000 0.840000
-1.092000 1.944000
1.436000 2.232000
-1.056000 1.724000
1.404000 2.492000
-0.168000 0.548000
-0.236000 0.604000
-1.752000 3.776000
-1.932000 3.864000
1.688000 3.012000
1.756000 3.644000
0.320000 0.520000
-1.504000 3.108000
1.220000 2.248000
1.568000 2.876000
-1.488000 2.284000
-1.352000 2.064000
-0.756000 1.420000
-0.844000 0.760000
-0.564000 0.452000
-1.132000 1.716000
1.324000 2.088000
-0.188000 0.536000
0.848000 1.388000
1.528000 3.220000
-1.700000 3.432000
-0.628000 0.772000
-1.120000 1.780000
1.332000 2.236000
-0.368000 0.140000
1.812000 3.836000
1.420000 2.344000
-1.628000 2.720000
0.684000 0.660000
1.324000 2.288000
0.552000 1.292000
1.864000 3.636000
0.352000 0.144000
1.768000 3.324000
0.324000 0.160000
1.564000 3.224000
-1.600000 3.408000
1.024000 1.336000
1.408000 2.028000
0.876000 1.760000
-0.144000 0.844000
1.184000 2.088000
0.120000 0.316000
1.244000 2.324000
-1.720000 3.492000
-1.028000 1.552000
0.152000 0.960000
-1.848000 3.964000
0.224000 0.876000
-0.408000 0.532000
-1.252000 2.084000
-1.764000 3.748000
-1.548000 3.136000
-1.468000 2.688000
0.232000 0.480000
-1.524000 2.676000
1.208000 1.588000
-0.020000 0.964000
1.484000 2.620000
-0.232000 0.112000
-0.132000 0.920000
-0.648000 0.724000
1.692000 3.088000
-1.716000 3.832000
1.360000 2.592000
-0.472000 0.404000
-1.412000 2.056000
1.108000 1.592000
-0.828000 1.556000
-0.696000 1.336000
1.384000 1.976000
1.744000 3.556000
0.080000 0.164000
0.428000 0.832000
0.704000 1.352000
1.700000 3.316000
0.760000 1.296000
-0.852000 1.640000
0.976000 1.004000
0.508000 0.828000
0.608000 0.784000
-0.004000 0.164000
0.236000 0.808000
0.332000 0.460000
0.032000 0.384000
-0.484000 1.048000
0.840000 1.428000
-0.940000 1.056000
-0.272000 0.108000
0.356000 1.080000
0.588000 0.556000
1.172000 1.772000
-0.496000 0.900000
-0.408000 0.592000
-1.000000 1.748000
-1.848000 3.536000
0.244000 0.064000
0.200000 0.864000
-1.600000 3.484000
1.328000 2.744000
-0.116000 0.492000
1.136000 1.384000
1.648000 3.084000
-0.916000 1.284000
-0.672000 1.028000
-0.728000 1.192000
0.620000 0.792000
-1.424000 2.248000
0.436000 0.692000
-1.148000 2.036000
1.208000 2.124000
-1.364000 2.216000
1.428000 2.048000
-1.240000 1.860000
1.036000 1.128000
0.312000 0.140000
-0.868000 1.524000
1.672000 3.176000
-0.852000 1.328000
-0.116000 0.576000
1.380000 2.360000
0.828000 0.872000
-1.192000 1.468000
1.680000 3.644000
-0.340000 0.912000
-1.152000 1.692000
-0.964000 1.276000
0.788000 1.428000
0.508000 0.448000
-0.188000 0.964000
-0.460000 0.928000
1.168000 2.224000
-1.452000 2.852000
0.984000 1.800000
0.924000 1.380000
-1.208000 2.016000
1.188000 2.224000
-1.644000 2.984000
-0.008000 0.772000
-1.628000 2.972000
0.308000 0.632000
1.776000 3.368000
1.424000 2.556000
-0.472000 0.468000
-1.236000 1.544000
-1.384000 2.348000
-0.432000 0.228000
-0.196000 0.608000
0.576000 0.800000
0.652000 0.724000
1.152000 1.896000
1.808000 3.512000
1.688000 3.392000
-0.896000 1.776000
-1.312000 2.376000
0.336000 0.900000
1.132000 1.764000
1.172000 2.176000
0.188000 0.276000
0.512000 0.548000
-0.728000 0.608000
-1.608000 3.112000
-1.720000 3.312000
1.676000 3.696000
1.376000 2.412000
-0.568000 0.708000
-1.720000 3.440000
0.840000 0.768000
-1.484000 2.244000
1.788000 3.208000
1.024000 1.448000
1.316000 1.988000
-1.424000 2.840000
0.224000 1.008000
0.812000 1.012000
-1.928000 3.792000
0.212000 0.812000
1.120000 2.244000
0.568000 1.240000
-1.692000 3.756000
0.128000 0.656000
0.468000 0.856000
-0.644000 0.992000
-1.624000 3.556000
0.204000 0.304000
-0.744000 1.544000
-0.124000 0.336000
-1.216000 1.868000
-0.368000 0.188000
-1.576000 2.892000
1.088000 1.976000
-1.260000 1.952000
0.944000 1.392000
-0.100000 0.492000
-1.052000 1.800000
-1.584000 2.980000
1.220000 1.576000
-0.764000 1.128000
1.644000 2.880000
1.708000 3.484000
0.984000 1.312000
-0.820000 0.720000
-0.732000 1.000000
1.760000 3.472000
-1.272000 1.908000
1.720000 3.088000
0.672000 0.456000
1.200000 1.640000
-1.736000 3.752000
0.868000 1.544000
1.328000 1.972000
1.592000 2.616000
1.364000 2.652000
-1.196000 2.096000
-0.612000 0.500000
1.052000 1.132000
-1.028000 1.864000
0.956000 1.616000
-0.016000 0.432000
0.956000 1.040000
-0.716000 0.632000
0.116000 0.220000
-1.144000 2.072000
1.544000 2.516000
0.836000 1.220000
0.068000 0.124000
-0.148000 0.644000
-1.096000 1.772000
1.460000 2.600000
-1.368000 2.452000
1.596000 2.932000
0.860000 1.720000
-1.164000 2.032000
-0.128000 1.012000
1.020000 1.948000
-0.364000 0.304000
1.236000 1.752000
1.028000 1.960000
1.460000 2.832000
0.296000 0.920000
1.660000 3.704000
1.076000 1.752000
1.164000 1.916000
1.508000 3.068000
-0.120000 0.420000
-1.136000 1.728000
1.028000 1.792000
0.060000 0.796000
0.024000 0.680000
1.744000 3.252000
-0.372000 0.520000
-1.224000 1.560000
-0.352000 1.008000
0.496000 0.432000
-1.372000 2.592000
0.084000 0.068000
1.168000 2.360000
0.372000 0.920000
-1.088000 2.016000
1.336000 2.748000
-0.680000 1.408000
-0.756000 0.700000
-1.788000 3.340000
-1.016000 1.568000
0.032000 0.476000
0.280000 0.280000
-0.200000 0.424000
1.904000 3.788000
1.312000 2.228000
1.752000 3.484000
1.608000 2.968000
-1.476000 2.972000
-0.724000 1.272000
-0.456000 0.700000
-1.312000 2.048000
0.016000 0.948000
1.504000 2.464000
1.672000 3.516000
1.224000 1.604000
-0.644000 0.592000
0.344000 0.996000
-1.240000 2.272000
0.908000 1.608000
-1.348000 2.636000
-1.116000 1.836000
-0.300000 0.388000
0.340000 1.040000
1.408000 2.964000
0.448000 0.980000
0.188000 0.436000
1.496000 2.840000
-1.324000 2.184000
0.096000 0.944000
-0.192000 0.440000
1.604000 2.848000
-1.816000 3.316000
0.680000 0.860000
-0.764000 1.076000
-1.824000 3.360000
-1.924000 3.772000
1.920000 3.756000
-1.012000 1.252000
0.888000 1.500000
-1.352000 2.548000
-1.708000 3.808000
-1.756000 3.128000
1.724000 3.608000
1.288000 1.700000
0.244000 0.284000
-0.244000 0.524000
0.668000 0.476000
0.848000 0.884000
1.480000 2.532000
-0.572000 1.116000
1.240000 2.460000
-1.564000 2.864000
-1.796000 3.916000
-0.604000 1.276000
1.532000 2.484000
-0.764000 0.876000
0.516000 0.912000
0.748000 0.768000
-1.148000 1.528000
0.444000 0.444000
1.556000 2.692000
0.736000 0.912000
0.248000 0.204000
-1.728000 3.508000
-1.692000 3.100000
-1.368000 2.592000
-0.064000 0.484000
-1.556000 2.900000
0.704000 1.296000
0.320000 0.152000
-0.848000 1.352000
-1.248000 2.224000
0.728000 1.028000
-0.732000 0.948000
-1.772000 3.504000
0.800000 1.380000
1.380000 2.656000
0.236000 0.760000
1.344000 2.296000
1.424000 2.856000
-1.696000 3.652000
0.444000 0.628000
-1.536000 3.156000
-1.776000 3.964000
-1.432000 2.536000
0.524000 1.056000
1.012000 1.092000
-1.892000 3.740000
1.200000 1.892000
0.596000 0.876000
0.300000 0.200000
-1.764000 3.624000
-1.052000 1.396000
1.432000 2.496000
1.556000 3.056000
1.552000 2.756000
1.376000 2.892000
-0.524000 0.904000
0.516000 0.892000
0.316000 0.724000
-0.700000 1.304000
-0.180000 0.484000
1.652000 3.276000
1.144000 2.240000
-1.540000 2.856000
1.276000 1.696000
0.184000 0.244000
1.188000 1.960000
-0.852000 1.676000
-1.452000 2.572000
1.532000 3.040000
0.804000 1.348000
1.044000 1.464000
0.688000 1.472000
-0.812000 1.304000
1.064000 1.640000
-1.720000 3.296000
-1.004000 1.724000
1.416000 2.348000
0.540000 0.848000
-0.168000 0.288000
-0.068000 0.452000
1.000000 1.888000
0.084000 0.200000
-1.344000 2.032000
-0.996000 1.700000
-1.452000 2.192000
1.008000 1.708000
-1.792000 3.652000
1.644000 3.420000
-0.408000 0.888000
1.692000 3.672000
0.132000 0.760000
-0.800000 1.080000
-0.708000 1.312000
0.004000 0.048000
-1.520000 3.188000
-1.652000 3.256000
-0.796000 1.520000
-1.168000 2.212000
-0.672000 0.732000
-1.644000 2.812000
-0.112000 0.172000
0.428000 0.740000
-1.628000 3.360000
-0.396000 0.616000
-0.528000 1.084000
0.616000 1.352000
-0.124000 0.452000
-0.344000 0.508000
0.724000 0.820000
0.760000 0.788000
-1.840000 3.676000
-0.264000 0.648000
1.712000 3.280000
1.036000 1.756000
-0.968000 1.108000
0.192000 0.508000
-1.308000 2.144000
0.660000 1.124000
1.776000 3.580000
0.768000 0.928000
-0.592000 0.992000
-0.328000 0.384000
1.712000 3.256000
-1.016000 1.336000
-1.668000 3.712000
-1.660000 2.984000
0.972000 1.576000
-0.756000 0.852000
1.728000 2.988000
-1.436000 2.856000
1.620000 3.048000
1.356000 2.168000
0.264000 0.204000
-0.844000 1.208000
0.416000 0.216000
0.852000 0.732000
-1.892000 3.952000
-1.308000 2.528000
-0.804000 0.760000
0.900000 1.000000
-0.476000 1.016000
-1.716000 3.172000
-0.164000 0.608000
-0.676000 0.796000
0.564000 1.016000
-0.016000 0.816000
-1.444000 3.060000
-1.092000 2.060000
-1.116000 1.592000
0.708000 1.036000
-1.448000 2.892000
1.364000 2.280000
0.320000 0.440000
-1.380000 2.896000
0.004000 0.768000
0.156000 0.824000
-1.872000 3.776000
-0.304000 1.048000
-0.524000 1.060000
-1.516000 2.492000
-0.136000 0.440000
-1.592000 2.620000
0.312000 0.816000
-1.596000 2.820000
0.120000 0.508000
0.240000 0.780000
-0.352000 0.316000
-0.576000 0.420000
1.912000 3.992000
1.688000 2.960000
-1.672000 3.408000
-0.864000 0.968000
0.524000 0.692000
-1.880000 3.612000
-0.748000 1.356000
0.096000 0.752000
-1.188000 1.512000
0.520000 0.980000
-1.612000 3.172000
0.112000 0.432000
-0.724000 0.724000
1.692000 3.788000
0.708000 0.852000
-1.516000 2.340000
0.952000 1.144000
-0.156000 0.212000
-0.760000 0.828000
-1.804000 3.348000
-0.268000 0.472000
-1.748000 3.116000
1.096000 1.960000
-0.704000 0.848000
-0.124000 0.040000
0.752000 0.888000
-0.424000 0.596000
1.428000 2.700000
1.020000 1.308000
-1.596000 3.124000
-1.380000 2.616000
-0.064000 0.464000
-0.400000 0.964000
-1.056000 1.460000
0.120000 0.800000
1.416000 2.428000
1.204000 2.424000
-1.456000 2.860000
1.344000 2.664000
-1.676000 3.068000
0.536000 0.312000
0.528000 0.328000
-0.012000 0.824000
1.580000 2.904000
0.396000 0.972000
1.288000 1.796000
-0.268000 1.016000
-1.412000 2.544000
-1.716000 3.632000
-0.912000 1.100000
-0.804000 1.000000
-0.816000 0.864000
0.168000 0.976000
-0.152000 0.984000
-0.964000 1.592000
0.720000 0.784000
1.096000 1.716000
1.152000 1.688000
-0.076000 0.396000
1.308000 2.340000
0.084000 0.400000
1.184000 1.584000
1.368000 2.216000
0.544000 1.136000
0.024000 0.596000
1.416000 2.240000
1.452000 2.824000
-1.900000 3.776000
1.464000 3.128000
1.200000 2.028000
1.748000 3.252000
1.336000 2.376000
0.380000 0.344000
-1.692000 3.068000
1.608000 3.372000
-1.904000 3.928000
0.304000 0.428000
0.812000 0.716000
-1.848000 3.436000
-1.816000 3.372000
-0.264000 0.508000
1.540000 3.356000
0.792000 0.936000
-1.576000 2.824000
-1.188000 2.016000
-0.920000 0.972000
-0.276000 0.532000
0.124000 0.488000
0.812000 1.560000
-1.040000 1.196000
-0.976000 1.376000
0.064000 0.796000
0.560000 0.708000
1.792000 3.584000
1.096000 1.840000
-1.332000 1.880000
0.460000 0.356000
1.228000 2.200000
1.644000 3.196000
-1.760000 3.576000
-1.824000 3.828000
0.308000 0.196000
0.000000 0.768000
0.884000 1.396000
1.524000 3.072000
-1.296000 2.280000
0.424000 0.880000
-1.000000 1.824000
0.268000 0.460000
-1.136000 1.304000
0.040000 0.388000
-0.940000 1.396000
-1.236000 2.008000
1.312000 1.904000
-0.632000 0.796000
1.600000 3.252000
-0.356000 0.368000
0.000000 0.748000
1.004000 1.996000
1.396000 2.888000
1.544000 3.060000
0.316000 0.368000
-0.120000 0.328000
0.836000 0.944000
-1.308000 2.028000
-0.704000 0.588000
0.544000 1.020000
-1.644000 3.180000
0.296000 1.036000
0.668000 1.228000
-1.724000 3.704000
-0.736000 1.220000
1.340000 2.088000
-0.604000 0.724000
0.936000 1.200000
-0.544000 0.624000
-0.988000 1.480000
0.936000 1.576000
-0.080000 0.084000
0.164000 0.712000
-1.508000 2.508000
-0.780000 0.776000
-1.520000 2.564000
0.820000 1.404000
-0.632000 1.220000
0.176000 0.756000
-0.980000 1.272000
1.416000 2.060000
0.396000 0.564000
-1.764000 3.284000
-1.616000 3.008000
0.324000 0.848000
0.696000 0.616000
1.188000 1.444000
-0.700000 0.980000
1.396000 2.476000
-1.760000 3.160000
-0.136000 0.344000
-1.312000 2.496000
-1.368000 2.304000
1.616000 2.808000
0.048000 0.996000
1.232000 1.840000
-1.116000 1.552000
-1.112000 2.136000
-1.688000 3.316000
-0.228000 0.236000
1.252000 2.372000
-0.144000 0.040000
-1.712000 3.280000
-0.380000 0.528000
-1.020000 1.696000
-1.092000 2.072000
0.564000 1.040000
1.624000 3.080000
0.612000 0.404000
-0.624000 0.432000
-1.564000 3.104000
-0.880000 1.724000
-0.384000 0.832000
-1.488000 2.868000
-1.516000 2.852000
1.800000 3.832000
1.076000 2.132000
0.400000 1.120000
-0.924000 1.220000
-0.148000 0.664000
1.712000 3.080000
-1.668000 3.264000
-0.084000 0.032000
0.060000 0.400000
-0.748000 1.268000
-1.004000 1.428000
-0.540000 0.816000
1.552000 2.804000
-1.140000 1.568000
1.360000 1.860000
-1.656000 2.908000
0.648000 0.816000
1.360000 2.328000
1.324000 2.424000
-0.116000 0.308000
-0.116000 0.532000
-1.728000 3.756000
-1.616000 3.252000
-0.496000 0.608000
1.304000 2.644000
-0.192000 0.864000
-1.428000 2.800000
0.364000 0.452000
-0.940000 1.476000
0.700000 1.376000
-1.040000 1.192000
-1.436000 2.628000
-0.012000 0.140000
0.392000 0.456000
-1.604000 2.664000
1.052000 1.236000
1.092000 1.200000
-0.996000 1.644000
1.452000 2.944000
1.636000 2.872000
0.944000 1.036000
0.260000 0.688000
0.120000 0.924000
0.496000 0.968000
0.496000 1.128000
0.072000 0.448000
-0.972000 1.668000
0.976000 1.660000
-1.160000 2.312000
1.692000 3.820000
0.032000 0.576000
0.724000 1.072000
0.004000 0.700000
-0.012000 0.380000
-0.916000 0.912000
-0.140000 0.492000
-0.716000 1.084000
-0.080000 0.700000
-0.992000 1.308000
-0.220000 0.584000
-1.408000 2.248000
-1.188000 1.776000
1.364000 2.592000
1.296000 2.048000
1.268000 2.340000
0.924000 1.332000
-0.088000 0.928000
0.144000 0.692000
-1.524000 3.296000
0.612000 1.348000
-0.556000 1.184000
-0.120000 0.288000
-0.408000 0.456000
-0.952000 1.068000
1.840000 3.860000
1.304000 1.892000
1.564000 3.260000
0.204000 0.908000
-1.544000 3.068000
1.680000 3.044000
-0.244000 0.804000
0.716000 1.060000
1.900000 3.860000
-1.540000 2.732000
-1.512000 2.800000
1.716000 3.288000
1.668000 3.016000
-1.736000 3.944000
-1.092000 2.032000
-0.484000 0.480000
-1.516000 2.596000
0.796000 0.680000
-0.720000 1.200000
1.336000 2.520000
-0.436000 0.880000
0.024000 0.208000
0.308000 0.672000
-0.568000 0.420000
-1.744000 3.444000
1.504000 2.940000
0.604000 0.436000
1.232000 2.420000
1.032000 1.544000
-1.348000 2.800000
-0.260000 0.652000
-1.792000 3.516000
0.116000 0.152000
-1.068000 1.776000
-0.800000 0.804000
0.432000 0.416000
-1.800000 3.504000
-0.028000 0.384000
1.568000 3.196000
-0.748000 0.932000
-1.640000 3.208000
-1.828000 3.932000
0.700000 1.360000
-0.780000 1.532000
-0.536000 0.696000
0.428000 0.892000
1.072000 1.748000
-1.732000 3.216000
0.852000 1.152000
0.016000 0.316000
0.520000 1.160000
1.352000 1.896000
1.212000 1.676000
-0.648000 0.700000
1.784000 3.832000
1.332000 2.484000
-0.548000 0.460000
1.772000 3.264000
0.896000 1.516000
-0.764000 1.528000
-0.736000 1.416000
-1.756000 3.920000
0.172000 0.168000
0.584000 1.016000
-1.160000 2.268000
-1.044000 1.448000
0.400000 1.076000
-1.684000 3.636000
0.916000 1.272000
0.492000 0.976000
-1.588000 2.552000
-0.236000 0.328000
1.568000 3.068000
0.016000 0.904000
1.876000 3.824000
-0.408000 0.496000
0.212000 0.704000
-1.092000 1.636000
-0.792000 1.580000
1.784000 3.400000
0.076000 0.844000
-0.308000 0.700000
0.820000 1.040000
